111111111111011111111 111.
(1111111132. 1051 111. 235.
(1111111111,111. 901 111146. 61.
0111111111, 111. 101.

6111111111, 11. 14. 161 11. 33.

1111111111, 111. 911 111, 66.

0113111113. 110.

011, 1. 225.

0111111111111111, 111. 931 1111. 31.

0111111111121.

0111113383.

011113,1.01111.531 11160100.

Danaus.. 01. 93111194.

Dflphnae (Δάφνιιι 101-11111111
1111111. 30101

0111111111. 133.

0111111111,.11111 111. 43.

11111111,·111. 02.

111111111119111111111111,
1111111111.

0111111,Χ11·1111111111,11.101.

0111111111,“”111.12012611,33

01111111,Ι 1. 3

Dotis, 11. 94. 91. 1131111. 33.

Datum, ux. 16.

0111111111, viii. 35,

0111111111, 1. 116. 121.

Dscslso, ix. 15. 13.

0111111111. 73. .

Deiooss, 1. 16. 13. 06. 90. 102.

0111111111, ix. 02.

Delii, 11. 331 viiii.

Delium, vi. 118.

Delphi (ui Δελφοι), 1. 141 51.
54. 021 11181111011111.
1131 viii. 36.

011111. 641 11. 1101 11. 3313111
11. 931 1111. 1331 ix. 00.

Demaratus, 11. 50. 61, seqq„
111. 31. 101. 104. 200. 234.
231. 239.

Domai-monus, 1, 41111. 35.

Domocsdes, iii. 1231291131-
”13311371

Democritus, 1111. 46.

11101114

Demonux, iv. 161.

Demonous, 111. 1011.

Demophilus, 111. 222.

0111111, 11. 110.

0111111111, Ι1. 125.

Deucalion, 11 56.

Dioctoridss, 1111111111 pstor,
11. 11.

--—--, ΔΝΜ imm,
11. 121. ¹

Diodromcs, vii. 223.

Diona, 111. 109.

01111111111160. , .

Dici-yos, 111. 110.

1111111111, 111. 226.

,ἵ 1111111111111,
’ 01111111111,111.145.

Diomedes, ii. 116.

1111111111, 11. 11. 11.

Dionysophanes, ix. 84.

Dionysus, 1111111111.

-——- Baccheus, 11. 19.

Dioscuri, 11. 43. 501 11. 121.

11111111, 11. 35.

Dium, 111. 22. ,

Doberes, v. 161 111. 113.

Dodona, 1. 461 11. 112. 66. 611
11. 03.

Dolonci, 11. 34, 35. ,

01111111, 111. 1321811.

Dones, i. 56, 1111111111.

Doricus, 1.41-43.451111.153.
2051 ix. 10.

Doris (11Δωρὶ1), viii.31.

Doriscos, v. 031 1111110101,
seq·

Dorus, 166.

οο1111111, 111. 204.

0111111111. 12.

Dropioi, 1. 125.

Drymus, 1111. 33.

0111111111. 1461 1111. 13.

Dryopis, i. 661 1111. 31.

Dyme, 1. 145.

0111111111, 1. 63.

Dyras, 111. 103.

 

